#    bad_time    unamb_time  amb_time    bad_sppf    unamb_sppf  amb_sppf
2   0.5006  0.5007  0   62  26  28
3   2.0039  0.5003  1.3076  161 122 131
4   2.5023  1.001   1.5187  330 258 274
5   5.0048  1.0007  2.5025  587 472 497
6   6.5687  1.5016  5.0048  950 782 818
7   17.519  2.0181  7.9966  1437    1206    1255
8   16.0179 5.3259  14.0888 2066    1762    1826
9   20.4627 5.0048  20.2363 2855    2468    2549
10  27.3195 8.5098  29.51   3822    3342    3442
11  37.8817 10.5025 42.0636 4985    4402    4523
12  51.231  15.8339 56.5151 6362    5666    5810
13  63.4357 26.8786 97.8844 7971    7152    7321
14  80.8153 27.4293 101.9909    9830    8878    9074
15  95.4203 41.0775 131.7666    11957   10862   11087
16  115.5189    51.0388 164.7204    14370   13122   13378
17  134.3233    59.3554 206.0741    17087   15676   15965
18  173.6798    73.5138 257.521 20126   18542   18866
19  193.4891    91.4597 326.781 23505   21738   22099
20  222.5838    106.9694    382.8729    27242   25282   25682
21  263.1206    129.982 464.7257    31355   29192   29633
22  296.1926    148.5233    562.6372    35862   33486   33970
23  339.2848    182.7411    660.5553    40781   38182   38711
24  384.6239    221.0325    772.4486    46130   43298   43874
25  470.6292    266.1149    909.6749    51927   48852   49477
26  476.3223    300.0509    1074.7199   58190   54862   55538
27  528.7568    336.5744    1236.6314   64937   61346   62075
28  599.3921    371.1193    1437.5921   72186   68322   69106
29  661.1754    430.2383    1667.0964   79955   75808   76649
30  735.1434    484.9193    1862.5837   88262   83822   84722
31  803.1866    539.678 2022.2487   97125   92382   93343
32  874.5082    630.723 2277.5339   106562  101506  102530
33  961.1372    706.1984    2603.2414   116591  111212  112301
34  1109.8029   788.565 2875.6749   127230  121518  122674
35  1187.383    865.6645    3194.3556   138497  132442  133667
36  1266.1852   961.0636    3586.3479   150410  144002  145298
37  1361.4724   1107.9536   4013.5418   162987  156216  157585
38  1487.4685   1186.752    4437.206    176246  169102  170546
39  1597.7397   1296.4333   4903.1714   190205  182678  184199
40  1741.8868   1448.9783   5417.628    204882  196962  198562
41  2006.8625   1576.1785   6006.3593   220295  211972  213653
42  2095.5284   1737.0987   6572.5251   236462  227726  229490
43  2226.3339   1897.3625   7189.8454   253401  244242  246091
44  2481.0995   2074.294    7893.3458   271130  261538  263474
45  2543.6027   2266.4554   8743.9501   289667  279632  281657
46  2755.8607   2471.359    9789.8825   309030  298542  300658
47  3105.2735   2663.3357   10486.6064  329237  318286  320495
48  3216.4245   2925.7984   11396.6235  350306  338882  341186
49  3375.6744   3134.8469   12359.2733  372255  360348  362749
50  3651.9889   3442.7026   13439.5748  395102  382702  385202
51  3845.4864   3686.1279   14730.7101  418865  405962  408563
52  3952.2008   3997.9318   15805.7822  443562  430146  432850
53  4168.5686   4268.1831   17034.3177  469211  455272  458081
54  4436.566    4654.5234   18560.0159  495830  481358  484274
55  4770.719    4914.2289   19954.6337  523437  508422  511447
56  4872.9289   5337.11 21416.2734  552050  536482  539618
57  5130.3285   5637.4755   23340.7696  581687  565556  568805
58  5388.3168   6028.484    24835.8101  612366  595662  599026
59  5748.7098   6481.7546   27070.8321  644105  626818  630299
60  6029.952    6943.8939   28990.4964  676922  659042  662642
