1  0.1220429
10  0.0070021
100  0.0560194
101  0.0710232
102  0.056022
103  0.0610217
104  0.054016
105  0.059021
106  0.0580207
107  0.0580203
108  0.0560201
109  0.0810285
11  0.0070025
110  0.0610185
111  0.0680241
112  0.0660235
113  0.0630218
114  0.0710216
115  0.0660231
116  0.0820311
117  0.0750244
118  0.0690252
119  0.0760243
12  0.0060057
120  0.0750297
121  0.072025
122  0.0760269
123  0.0810289
124  0.0690275
125  0.1190423
126  0.1140404
127  0.1050365
128  0.0790252
129  0.0750262
13  0.0060034
130  0.0780275
131  0.0950331
132  0.0940336
133  0.0820318
134  0.0860307
135  0.0860331
136  0.0940305
137  0.0900319
138  0.0860296
139  0.0900338
14  0.0060053
140  0.0910323
141  0.1130375
142  0.0970341
143  0.0880291
144  0.0970341
145  0.0940362
146  0.0990347
147  0.1070379
148  0.098034
149  0.1130374
15  0.0090031
150  0.118042
151  0.1150407
152  0.1100385
153  0.102036
154  0.1060372
155  0.1150403
156  0.1090385
157  0.1130431
158  0.1340465
159  0.1200418
16  0.0090035
160  0.1240434
161  0.1130367
162  0.1360444
163  0.1170413
164  0.1220432
165  0.1250468
166  0.1270443
167  0.1210429
168  0.1240434
169  0.1300472
17  0.0100038
170  0.1410494
171  0.1270433
172  0.1320436
173  0.1300491
174  0.1410497
175  0.13405
176  0.1480553
177  0.1320463
178  0.1330492
179  0.1470524
18  0.0110038
180  0.1380512
181  0.1420535
182  0.1530576
183  0.1620603
184  0.1680565
185  0.1500559
186  0.1490541
187  0.1600563
188  0.147055
189  0.1420497
19  0.0090058
190  0.155054
191  0.1700578
192  0.1560513
193  0.1500551
194  0.1610543
195  0.1780656
196  0.1650563
197  0.1610593
198  0.1700578
199  0.1690621
2  0.004005
20  0.0110011
200  0.1660581
201  0.1690564
202  0.1920676
203  0.1730606
204  0.1700605
205  0.1770649
206  0.1900666
207  0.1740647
208  0.1780614
209  0.1980663
21  0.0100038
210  0.1850616
211  0.1760615
212  0.2000666
213  0.1870656
214  0.1890663
215  0.1790629
216  0.1930705
217  0.1990697
218  0.1960718
219  0.1960719
22  0.0100008
220  0.2060729
221  0.2080767
222  0.2090735
223  0.1940716
224  0.1910703
225  0.2080702
226  0.2560901
227  0.2110745
228  0.2170729
229  0.2130778
23  0.014002
230  0.2110768
231  0.2390822
232  0.2300784
233  0.214072
234  0.2240819
235  0.230081
236  0.2320794
237  0.233085
238  0.2230816
239  0.2520889
24  0.0100016
240  0.2360833
241  0.2340796
242  0.2450833
243  0.2560901
244  0.3671288
245  0.2831003
246  0.2360833
247  0.2650951
248  0.2440892
249  0.260091
25  0.0110041
250  0.2540914
26  0.0250087
27  0.013002
28  0.0170097
29  0.014005
3  0.0040012
30  0.0150053
31  0.0250061
32  0.0140077
33  0.0150053
34  0.0240084
35  0.0170063
36  0.0180062
37  0.0160064
38  0.015005
39  0.0290138
4  0.0030017
40  0.0270094
41  0.0200073
42  0.0180062
43  0.0180062
44  0.0319945
45  0.0210102
46  0.0200038
47  0.0180105
48  0.0200073
49  0.0410144
5  0.005
50  0.021008
51  0.0310109
52  0.0250088
53  0.0220082
54  0.0220075
55  0.0330116
56  0.0280096
57  0.0300129
58  0.0380165
59  0.0260087
6  0.0059999
60  0.0370135
61  0.02801
62  0.0420146
63  0.028007
64  0.0300099
65  0.0310106
66  0.0300076
67  0.0830299
68  0.0850305
69  0.0650232
7  0.0170063
70  0.0420459
71  0.046877
72  0.0468765
73  0.046875
74  0.0468807
75  0.031248
76  0.0312511
77  0.0625025
78  0.0312515
79  0.0312492
8  0.0156327
80  0.0312484
81  0.0468803
82  0.0312526
83  0.0312503
84  0.0625025
85  0.0468785
86  0.0625009
87  0.0468777
88  0.0468762
89  0.0468804
9  0.0156232
90  0.0625059
91  0.0625017
92  0.0468773
93  0.0624991
94  0.0625033
95  0.046877
96  0.0468777
97  0.0625021
98  0.0468735
99  0.0625047
