1 0.1360467
10 0.0930329
100 40.7223279
11 0.1130389
12 0.1270448
13 0.1650674
14 0.2400845
15 0.2500852
16 0.2680949
17 0.307106
18 0.4771669
19 0.3841355
2 0.0120075
20 0.4211445
21 0.9453321
22 1.2124268
23 1.1233951
24 1.4945255
25 0.9573366
26 0.9413317
27 1.0403665
28 1.3664831
29 1.4255026
3 0.0160053
30 1.5755544
31 2.0547219
32 1.401493
33 1.7916304
34 3.2691466
35 1.9326759
36 2.0877338
37 2.2357891
38 2.328819
39 2.7619713
4 0.0250053
40 2.6369242
41 2.8279949
42 3.026068
43 3.1761171
44 3.5812571
45 3.5722521
46 3.8323511
47 3.9874001
48 4.4085507
49 4.513591
5 0.0270093
50 4.7276635
51 5.0807845
52 7.0084658
53 6.9494449
54 6.146162
55 6.7343696
56 7.7727341
57 13.3266833
58 10.0065208
59 10.4776863
6 0.0480173
60 10.5347051
61 11.1029058
62 11.904188
63 11.2409539
64 10.6487456
65 9.8654661
66 10.8248086
67 11.1849319
68 11.8621734
69 12.1122582
7 0.0460166
70 12.7618405
71 13.2486606
72 13.7538365
73 14.643152
74 15.0302853
75 15.8165634
76 16.5848356
77 17.0670079
78 18.0143349
79 19.514863
8 0.0620219
80 19.5238719
81 20.4041819
82 21.0754178
83 21.9157131
84 22.7860147
85 23.76436
86 24.1945111
87 25.2909018
88 26.4272978
89 27.0035005
9 0.0790278
90 28.2979587
91 29.0702241
92 30.5447493
93 31.076942
94 32.2473477
95 33.7468694
96 34.3270779
97 36.0926985
98 36.8399608
99 37.8092896
