# allamb allunamb   singleunamb    singleamb
200 110.24086   42.99222    46.78   117.20562
300 138.11314   35.15462    36.9645 140.9214
400 198.92434   57.71456    61.03706    194.51744
500 267.67786   64.65696    62.88116    267.48456
600 327.50438   96.79566    95.80752    320.2391
700 417.74138   116.95074   115.39404   426.43606
800 494.80946   145.90336   148.85638   474.29866
900 567.45212   176.26946   165.9188    564.64388
1000    633.8203    177.89346   185.61398   630.37954
1100    721.38256   217.77386   213.75308   752.41252
1200    803.79586   257.2339    251.13338   822.03956
1300    907.91586   270.32286   268.2223    899.75862
1400    991.2007    310.37756   325.2806    1022.712
1500    1126.67328  337.37712   348.90258   1150.65486
1600    1255.98622  406.27258   359.23986   1192.06866
1700    1322.90598  382.68268   397.81114   1373.29754
1800    1430.61166  426.84874   426.91586   1445.02054
1900    1578.80046  480.74986   460.74406   1533.16038
2000    1663.04218  550.94774   545.81994   1639.35092
