1  0
10  0.0156297
100  3.0157268
101  2.8907191
102  2.953225
103  3.0626014
104  3.1407244
105  3.2344856
106  3.3438627
107  3.390742
108  3.4532406
109  3.5001191
11  0.0156278
110  3.6563731
111  3.6563736
112  3.7970033
113  3.8282513
114  3.922004
115  4.234518
116  4.1563884
117  4.3126417
118  4.3595225
119  4.4532748
12  0.0312507
120  4.6876574
121  4.7032806
122  4.750156
123  4.8126581
124  5.031415
125  5.1564188
126  5.2345507
127  5.3439301
128  5.4376806
129  5.6564417
13  0.0468827
130  5.7345734
131  5.9845791
132  6.047079
133  6.1252028
134  6.4377171
135  6.6095936
136  6.6408443
137  6.8439834
138  6.9533513
139  7.2346165
14  0.0312522
140  7.2971144
141  7.3127475
142  7.5471243
143  7.5314983
144  7.8596389
145  7.9377684
146  7.9846416
147  8.3284046
148  8.3127818
149  8.6877879
15  0.0468773
150  8.8596754
151  9.0002987
152  9.4065638
153  9.7972041
154  9.6565703
155  9.5628175
156  9.7503268
157  10.2347173
158  10.3128407
159  10.7347307
16  0.0312537
160  10.781611
161  10.8597386
162  11.328512
163  11.3441291
164  11.2816262
165  11.9847767
166  12.1254022
167  12.5472996
168  12.547294
169  12.500801
17  0.0625078
170  12.8754295
171  13.0316905
172  13.094193
173  13.6879579
174  13.9223416
175  14.125473
176  14.422359
177  15.0786279
178  15.1723861
179  15.2348874
18  0.0468751
180  15.6098995
181  15.6723967
182  15.6724021
183  15.7661529
184  16.2505479
185  16.5474302
186  16.6099293
187  17.2036953
188  16.9693219
189  17.4537132
19  0.0625021
190  17.6724648
191  18.5519888
192  18.797507
193  19.2037729
194  19.5631538
195  20.2350559
196  20.1100452
197  20.2194285
198  20.5631874
199  21.0632075
2  0
20  0.0625036
200  21.5475968
201  21.4850943
202  22.1257404
203  22.0319895
204  23.0476463
205  23.2976558
206  23.5007869
207  24.1414364
208  24.8014846
209  25.2315779
21  0.0625028
210  25.5116281
211  25.2039716
212  25.4383518
213  26.1102511
214  27.0009068
215  26.6883863
216  27.3915417
217  27.7665555
218  27.750928
219  28.4540789
22  0.078128
220  28.4853276
221  29.2353538
222  29.8760006
223  30.1572632
224  30.3916422
225  30.5635192
226  31.047916
227  31.719809
228  32.1729526
229  33.0792299
23  0.078128
230  33.2042459
231  33.5167529
232  33.8917594
233  34.6886615
234  34.985546
235  35.7043205
236  36.0012043
237  36.2668397
238  37.2613907
239  37.641885
24  0.0937531
240  37.8762685
241  38.8606822
242  39.3763154
243  39.9232079
244  40.141969
245  41.8764082
246  41.6263941
247  41.8451473
248  42.2670394
249  42.5014227
25  0.1093794
250  43.0014397
26  0.1406271
27  0.1250004
28  0.1250053
29  0.1406297
3  0
30  0.1406316
31  0.1562564
32  0.1875047
33  0.1875059
34  0.2031349
35  0.2187585
36  0.2187558
37  0.218755
38  0.2500073
39  0.2500133
4  0.015629
40  0.2812598
41  0.2968815
42  0.2968815
43  0.328133
44  0.3593882
45  0.3750133
46  0.4062644
47  0.4062606
48  0.4531436
49  0.4375147
5  0.0156278
50  0.4843923
51  0.484392
52  0.5000149
53  0.578149
54  0.5937752
55  0.5937706
56  0.6250213
57  0.6718983
58  0.6718914
59  0.7343962
6  0.0156301
60  0.7500267
61  0.765651
62  0.8125265
63  0.9062766
64  0.859408
65  0.9375367
66  0.9375356
67  1.0156632
68  1.2031634
69  1.0781573
7  0.0156263
70  1.1562952
71  1.1250385
72  1.1719142
73  1.2344205
74  1.2969238
75  1.3125482
76  1.3750472
77  1.4375454
78  1.4531783
79  1.4844312
8  0.0156255
80  1.531302
81  1.593806
82  1.6250544
83  1.6875572
84  1.7500628
85  1.8438079
86  1.8594406
87  2.0000674
88  1.9844392
89  2.0156956
9  0.015632
90  2.1719447
91  2.1875762
92  2.3438262
93  2.312574
94  2.3907062
95  2.4219569
96  2.5625854
97  2.6875911
98  2.6719595
99  2.7969652
