#   bad_time    bad_sppf
3   0   16
4   1.2108  33
5   1.0189  63
6   0.5004  109
7   1.0009  174
8   1.001   261
9   2.0025  373
10  2.0013  513
11  3.3351  684
12  2.5025  889
13  3.9871  1131
14  5.5051  1413
15  11.5107 1738
16  20.0901 2109
17  10.9955 2529
18  11.5126 3001
19  19.0219 3528
20  15.0192 4113
21  20.0192 4759
22  20.5255 5469
23  24.9404 6246
24  29.1484 7093
25  33.3275 8013
26  37.4631 9009
27  42.5457 10084
28  44.265  11241
29  48.5513 12483
30  52.9055 13813
31  58.8643 15234
32  66.3301 16749
33  75.5069 18361
34  80.0592 20073
35  84.9482 21888
36  93.0526 23809
37  102.9259    25839
38  111.234 27981
39  123.7485    30238
40  134.4324    32613
41  139.0442    35109
42  157.5357    37729
43  158.4629    40476
44  180.1521    43353
45  194.3365    46363
46  209.3756    49509
47  222.7562    52794
48  235.7752    56221
49  239.4096    59793
50  264.687 63513
51  274.9526    67384
52  286.722 71409
53  316.3339    75591
54  333.8045    79933
55  348.3456    84438
56  369.098 89109
57  385.3563    93949
58  414.1376    98961
59  432.1904    104148
60  458.4341    109513
61  472.0934    115059
62  501.1102    120789
63  524.2437    126706
64  548.9406    132813
65  576.0008    139113
66  606.8982    145609
67  641.3786    152304
68  695.7595    159201
69  729.0995    166303
70  739.1789    173613
71  741.5346    181134
72  778.2417    188869
73  808.5137    196821
74  849.2029    204993
75  884.2734    213388
76  911.951 222009
77  951.8466    230859
78  1000.2754   239941
79  1030.0482   249258
80  1082.4412   258813
81  1125.0594   268609
82  1201.9177   278649
83  1235.9902   288936
84  1340.2272   299473
85  1372.9193   310263
86  1416.912    321309
87  1452.0982   332614
88  1434.7172   344181
89  1493.3403   356013
90  1571.9392   368113
91  1578.3033   380484
92  1665.8758   393129
93  1714.2806   406051
94  1746.7972   419253
95  1783.3619   432738
96  1874.4812   446509
97  1939.8653   460569
98  1985.864    474921
99  2042.7461   489568
100 2103.8325   504513
