#   Unamb_time  amb_time    unamb_sppf  amb_sppf
100 0.5009  41.9653 559 28062
150 1.0006  127.2417    834 85837
200 1.0007  305.2701    1109    193612
250 1.0009  581.1134    1384    367012
300 2.6454  965.7927    1659    621662
350 15.0147 1500.1851   1934    973187
400 1.5019  2274.374    2209    1437212
450 3.5032  3188.6471   2484    2029362
500 3.5032  4363.1626   2759    2765262
550 3.0288  6111.4132   3034    3660537
600 4.5201  7670.194    3309    4730812
650 4.2366  9488.0473   3584    5991712
700 2.5023  12308.1997  3859    7458862
750 2.5026  14695.0362  4134    9147887
800 5.5049  17975.4348  4409    11074412
850 3.0026  21858.3105  4684    13254062
900 7.2556  25704.2556  4959    15702462
950 3.5033  30890.6794  5234    18435237
1000    9.5115  37448.7069  5509    21468012
