1 0
10 0.0625021
100 11.5785146
101 11.5628879
102 11.9066529
103 12.3910391
104 12.8598059
105 12.9691869
106 13.6254501
107 13.6567126
108 14.0629682
109 14.562988
11 0.046877
110 15.766151
111 15.3286386
112 15.7036553
113 16.1255422
114 16.7818169
115 17.1412019
116 17.5630876
117 17.9068503
118 18.7037513
119 19.5470733
12 0.0625025
120 20.0384727
121 20.2663013
122 20.5631881
123 21.0007016
124 21.9694795
125 22.6413827
126 23.9695506
127 24.1258043
128 24.3133099
129 25.0477122
13 0.0625074
130 25.3758519
131 26.0164995
132 26.4852621
133 27.2665375
134 28.3915741
135 28.9384712
136 29.1259729
137 30.3135126
138 30.6103991
139 31.2510452
14 0.0937524
140 32.2354551
141 33.2354851
142 33.9542626
143 34.5324047
144 34.7042794
145 35.3605582
146 36.4230918
147 36.8449806
148 38.0481516
149 38.9388048
15 0.0937531
150 39.9700863
151 40.3450974
152 41.2982573
153 42.2045377
154 42.7514314
155 43.7358409
156 45.2983921
157 45.8921634
158 47.1422049
159 47.5797196
16 0.1093844
160 49.4079032
161 49.8610472
162 50.9392105
163 51.9861149
164 52.6736375
165 54.0955673
166 55.0330949
167 55.6893661
168 57.3180325
169 58.4863325
17 0.1250053
170 59.0957248
171 60.3770166
172 61.4083061
173 62.8771041
174 63.3771208
175 65.0490526
176 66.095966
177 67.68976
178 68.2054056
179 69.5804558
18 0.1406308
180 71.1586318
181 71.8461529
182 73.8501179
183 75.283771
184 76.3306796
185 76.9869568
186 78.0807442
187 80.3933224
188 81.2370916
189 82.7996439
19 0.1562575
190 84.1121913
191 85.3934829
192 86.2841447
193 87.7998215
194 89.9405163
195 1960.5403811
196 107.7349045
197 99.9569017
198 98.8467739
199 101.8738452
2 0.0090035
20 0.1800631
200 102.0158945
201 103.0771646
202 106.2589061
203 110.7958325
204 107.9126855
205 110.2047733
206 112.3345221
207 114.190175
208 115.4006038
209 118.9490423
21 0.2050719
210 118.9638547
211 120.8675211
212 123.3483084
213 124.1867807
214 125.9913298
215 126.1312864
216 129.507563
217 130.8477011
218 134.2625367
219 136.0459615
22 0.2270817
220 145.3161122
221 142.1884407
222 149.6690103
223 145.6702895
224 149.0404338
225 147.4248653
226 149.930753
227 151.4973008
228 153.4840019
229 155.0495479
23 0.2781006
230 160.1623522
231 159.8432372
232 163.4226912
233 166.858217
234 168.0161156
235 169.6646956
236 170.5749449
237 173.6661035
238 175.6657964
239 178.6088403
24 0.2680941
240 180.0743581
241 183.2874857
242 185.4602534
243 187.7728038
244 190.5500377
245 191.99855
246 195.7758824
247 197.8275988
248 199.3261319
249 202.6813093
25 0.2941032
250 204.9745343
26 0.3231132
27 0.3651259
28 0.4001385
29 0.4461597
3 0.0130039
30 0.4521589
31 0.5031794
32 0.5341876
33 0.553195
34 0.6282208
35 0.6722361
36 0.7122509
37 0.7962762
38 0.9393304
39 0.884311
4 0.0130016
40 0.9393319
41 1.0203592
42 1.0733773
43 1.1103934
44 1.2144308
45 1.2664417
46 1.3204623
47 1.4164991
48 1.5035283
49 1.5635492
5 0.0160045
50 1.7005981
51 1.7356073
52 1.8286466
53 1.9186713
54 2.0037083
55 2.169763
56 2.184772
57 2.3528278
58 2.4528655
59 2.5729016
6 0.0210071
60 2.7189551
61 2.7989818
62 2.951043
63 3.0730812
64 3.1671117
65 3.3711871
66 3.6022669
67 3.6072654
68 3.7793273
69 3.988416
7 0.0260057
70 4.0974485
71 4.7256605
72 4.5185926
73 4.6786481
74 4.7856804
75 4.9747493
76 5.1658173
77 5.480923
78 5.5199368
79 5.8581812
8 0.0380142
80 5.9710962
81 6.2181877
82 6.5022898
83 6.6553379
84 6.8874192
85 7.1375143
86 7.4866312
87 8.2859181
88 8.0468275
89 8.2589027
9 0.0390137
90 8.5009908
91 8.8321071
92 9.1862343
93 9.4563271
94 9.6894057
95 9.9895145
96 10.3686458
97 10.6257385
98 11.0688936
99 11.1859356
