1  0.0156255
10  0.0156323
100  0.5000145
101  0.609395
102  0.5312682
103  0.5312732
104  0.5468941
105  0.5625196
106  0.5937684
107  0.6093996
108  0.5937695
109  0.6250179
11  0.0156297
110  0.6093928
111  0.6250213
112  0.6718998
113  0.6718944
114  0.6718948
115  0.7187718
116  0.7031481
117  0.7500258
118  0.765651
119  0.75003
12  0.0312587
120  0.7656549
121  0.7969074
122  0.796904
123  0.8281539
124  0.828155
125  0.8906602
126  0.859403
127  0.9062845
128  0.9062846
129  0.9219055
13  0.0156255
130  0.9219112
131  0.9531569
132  0.9687829
133  1.0156666
134  0.9687798
135  1.0312853
136  1.0312834
137  1.0625394
138  1.0469089
139  1.0937877
14  0.0156263
140  1.0937911
141  1.1250388
142  1.1250381
143  1.1719157
144  1.2031664
145  1.2500419
146  1.3594186
147  1.2656666
148  1.2344217
149  1.312542
15  0.0156346
150  1.3594225
151  1.3281634
152  1.3437991
153  1.4062975
154  1.3750476
155  1.4844258
156  1.453171
157  1.4375485
158  1.5000517
159  1.5469291
16  0.0156232
160  1.578179
161  1.5938003
162  1.6094331
163  1.6719302
164  1.6563028
165  1.7031858
166  1.7344342
167  1.7656883
168  1.7344327
169  1.7969386
17  0.0156293
170  1.7969382
171  1.7813081
172  1.8281946
173  1.8750688
174  1.8750609
175  2.0156937
176  1.9844422
177  1.9844445
178  2.0000601
179  2.0938216
18  0.0156259
180  2.0938132
181  2.1094506
182  2.2813295
183  2.1250719
184  2.1563226
185  2.2188296
186  2.2969507
187  2.3282053
188  2.3282071
189  2.421961
19  0.0156263
190  2.3907073
191  2.4844623
192  2.4219561
193  2.4375824
194  2.5469615
195  2.7344669
196  2.5782105
197  2.687593
198  2.7188369
199  2.7500871
2  0.0156248
20  0.0312515
200  2.7969695
201  2.7969675
202  2.8438479
203  2.8438456
204  3.0001016
205  2.9219767
206  2.9844757
207  3.000105
208  3.062601
209  3.1094802
21  0.0156229
210  3.0625999
211  3.2032357
212  3.1876049
213  3.4063659
214  3.3126109
215  3.4063652
216  3.3282311
217  3.3438578
218  3.4063564
219  3.4219884
22  0.0156259
220  3.5626258
221  3.6876208
222  3.6251244
223  3.6407518
224  3.7657515
225  3.9688776
226  3.7657545
227  4.1720136
228  3.890756
229  3.9063766
23  0.0312453
230  4.0157629
231  4.0470117
232  4.0782657
233  4.1876447
234  4.2188597
235  4.3438981
236  4.3126482
237  4.5313987
238  4.6095297
239  4.6407816
24  0.0312522
240  4.7501647
241  4.6720341
242  4.6251557
243  4.7345366
244  4.7657896
245  4.8907861
246  5.1408006
247  5.0626733
248  4.906415
249  5.0939221
25  0.031251
250  5.3595583
26  0.0468785
27  0.04688
28  0.0468728
29  0.046877
3  0
30  0.0781272
31  0.0468819
32  0.04688
33  0.0625066
34  0.0625032
35  0.0781283
36  0.0625025
37  0.062504
38  0.1093783
39  0.0625044
4  0
40  0.0781303
41  0.0781277
42  0.0781284
43  0.0937551
44  0.0781257
45  0.0937539
46  0.0937497
47  0.0937535
48  0.0937508
49  0.1093829
5  0
50  0.1250019
51  0.1250084
52  0.156256
53  0.1406354
54  0.1406316
55  0.1406305
56  0.1406274
57  0.1562541
58  0.1562511
59  0.1718849
6  0
60  0.1562556
61  0.1562522
62  0.1875059
63  0.1875071
64  0.187504
65  0.1718781
66  0.2187581
67  0.2031367
68  0.2187593
69  0.2187584
7  0.0156328
70  0.2031329
71  0.2343844
72  0.2187516
73  0.2343897
74  0.2656335
75  0.2500106
76  0.2656342
77  0.2656335
78  0.2968831
79  0.2812621
8  0.0156263
80  0.2812624
81  0.3125085
82  0.2968869
83  0.3125132
84  0.328133
85  0.3281337
86  0.3593882
87  0.3437641
88  0.3750148
89  0.3750178
9  0
90  0.3906408
91  0.3906388
92  0.4218888
93  0.4218899
94  0.4375185
95  0.4375116
96  0.4531398
97  0.4843916
98  0.4843916
99  0.5156373
