1 0.012372219
2 0.007989498
3 0.007984551
4 0.010944119
5 0.011266519
6 0.011688354
7 0.014748624
8 0.007975927
9 0.005164498
10 0.005357532
11 0.005590771
12 0.005789006
13 0.006948355
14 0.002599244
15 0.00270299
16 0.00234698
17 0.00195774
18 0.004317784
19 0.00155772
20 0.001899526
21 0.002896532
22 9.67962E-4
23 0.001048499
24 0.001118636
25 0.001344012
26 0.001651066
27 0.001107095
28 0.001123963
29 0.001171778
30 0.001224792
31 0.001320168
32 0.00131091
33 0.001368363
34 0.001474139
35 0.001372549
36 0.001406032
37 0.002643254
38 0.002003399
39 0.001581944
40 0.001579027
41 0.001678335
42 0.001617964
43 0.00165931
44 0.001697993
45 0.001719808
46 0.001753545
47 0.002036755
48 0.001852852
49 0.00186414
50 0.002025847
51 0.001920706
52 0.002075691
53 0.002125028
54 0.00215458
55 0.002116277
56 0.002113613
57 0.002281029
58 0.002154326
59 0.002215204
60 0.002228521
61 0.002314638
62 0.002351419
63 0.002312483
64 0.002469117
65 0.002469624
66 0.002437536
67 0.00244096
68 0.002532024
69 0.002645917
70 0.002537224
71 0.00335705
72 0.002772112
73 0.002839205
74 0.002855566
75 0.003017274
76 0.002803439
77 0.002879157
78 0.002736473
79 0.003764046
80 0.002856454
81 0.003009537
82 0.003196864
83 0.003116327
84 0.003081196
85 0.003299342
86 0.00320346
87 0.003253558
88 0.003305177
89 0.003291225
90 0.003269791
91 0.00332268
92 0.003369606
93 0.004286331
94 0.003817314
95 0.003631256
96 0.003605763
97 0.003530933
98 0.003484387
99 0.003596758
100 0.003657636
101 0.003543616
102 0.003618192
103 0.003561627
104 0.003643431
105 0.003680212
106 0.00395391
107 0.004203511
108 0.003962154
109 0.003974456
110 0.004241686
111 0.004064759
112 0.004299013
113 0.004445881
114 0.004397559
115 0.004282525
116 0.00437194
117 0.004620653
118 0.004507774
119 0.00470195
120 0.004418359
121 0.004530477
122 0.004575375
123 0.004580955
124 0.004525403
125 0.004491033
126 0.004801258
127 0.004831443
128 0.004927834
129 0.005802196
130 0.004945844
131 0.004958653
132 0.004836516
133 0.004919463
134 0.005159932
135 0.004992136
136 0.005174137
137 0.004895872
138 0.005186693
139 0.005159805
140 0.005273952
141 0.00547764
142 0.005176039
143 0.005513406
144 0.005722548
145 0.005557796
146 0.005842529
147 0.005466859
148 0.005617152
149 0.005640362
150 0.007567537
151 0.006074246
152 0.005821475
153 0.006239124
154 0.005796996
155 0.006047738
156 0.005976714
157 0.006406666
158 0.006220354
159 0.006157573
160 0.006266519
161 0.006217183
162 0.006151738
163 0.006334373
164 0.006538695
165 0.007058189
166 0.006424549
167 0.00654973
168 0.009624331
169 0.007510083
170 0.012104609
171 0.011203739
172 0.012513888
173 0.019873931
174 0.048902163
175 0.017190472
176 0.014434847
177 0.01446516
178 0.014227735
179 0.012034979
180 0.007658092
181 0.008750222
182 0.017299419
183 0.013161733
184 0.008626183
185 0.018168201
186 0.015893006
187 0.015971767
188 0.013477792
189 0.01931474
190 0.015512898
191 0.034704614
192 0.017407858
193 0.016615934
194 0.027331887
195 0.014967278
196 0.016622656
197 0.022012531
198 0.015403571
199 0.020123151
200 0.033580397
201 0.016820257
202 0.018299343
203 0.016054587
204 0.018217411
205 0.019838292
206 0.015504781
207 0.017003272
208 0.018538797
209 0.031713339
210 0.022962991
211 0.017069223
212 0.02514078
213 0.016817594
214 0.016103416
215 0.016052051
216 0.027946757
217 0.017859371
218 0.017164599
219 0.018903812
220 0.019390837
221 0.01912551
222 0.016977145
223 0.019231032
224 0.019238769
225 0.017836668
226 0.017965527
227 0.021271466
228 0.023862085
229 0.024480253
230 0.017754991
231 0.017236004
232 0.017917459
233 0.017742181
234 0.038597773
235 0.039706136
236 0.022452883
237 0.032854551
238 0.018283616
239 0.022973771
240 0.018847373
241 0.017837049
242 0.019063871
243 0.017995713
244 0.018045176
245 0.020566674
246 0.018699236
247 0.019611394
248 0.022218375
249 0.020117951
250 0.018466377
