# x   y
300  16.71614
400  23.92294
500  27.22614
600  30.80116
700  37.46746
800  47.4644
900  58.8565
1000  61.53554
1100  66.0025
1200  72.47978
1300  80.2577
1400  90.77348
1500  90.4018
1600  101.04258
1700  119.12634
1800  126.15786
1900  132.6833
2000  138.5737
2100  148.7819
2200  158.6353
2300  164.74166
2400  180.87884
2500  183.83034
2600  191.79178
2700  200.4575
2800  209.81602
2900  227.59638
3000  232.67878
3100  236.18906
3200  249.3208
3300  260.08974
3400  265.43544
3500  288.59118
3600  301.14724
3700  299.67394
3800  323.75286
3900  316.851
4000  347.01216