1 0.011790832
2 0.007731527
3 0.004435228
4 0.006712706
5 0.007169545
6 0.009209091
7 0.010106283
8 0.009620907
9 0.004696877
10 0.002148619
11 0.002278999
12 0.00201253
13 0.002203916
14 0.002425487
15 0.002150774
16 0.001936687
17 0.002096492
18 0.002855566
19 0.001070695
20 0.001120539
21 9.94723E-4
22 7.64781E-4
23 7.48421E-4
24 7.34977E-4
25 8.02196E-4
26 8.46713E-4
27 0.001139436
28 0.001012353
29 9.41328E-4
30 8.82607E-4
31 9.06196E-4
32 0.001273241
33 9.94216E-4
34 0.001059533
35 0.001027572
36 0.001087943
37 0.00109809
38 0.001169749
39 0.001255485
40 0.001225046
41 0.001387768
42 0.001262461
43 0.001290236
44 0.001287953
45 0.001302919
46 0.001350354
47 0.001472237
48 0.001373183
49 0.001417573
50 0.001434188
51 0.001457144
52 0.001521573
53 0.001525505
54 0.001596657
55 0.001556959
56 0.001827233
57 0.001660452
58 0.001645105
59 0.001671993
60 0.001687213
61 0.001917282
62 0.00181734
63 0.001943155
64 0.001896608
65 0.001895974
66 0.002115009
67 0.002359663
68 0.002051594
69 0.001961799
70 0.001929711
71 0.002367019
72 0.002324911
73 0.002493975
74 0.002095731
75 0.002137711
76 0.002198335
77 0.002359663
78 0.002363087
79 0.002302716
80 0.002333663
81 0.002289906
82 0.002519595
83 0.002375643
84 0.002462648
85 0.002377673
86 0.002571088
87 0.002772112
88 0.002527331
89 0.002488775
90 0.00251541
91 0.002665068
92 0.002681936
93 0.002684346
94 0.002817137
95 0.003101235
96 0.002857088
97 0.002716561
98 0.002698678
99 0.002811557
100 0.002793927
101 0.00283502
102 0.002788473
103 0.002863049
104 0.003106435
105 0.002891966
106 0.003007381
107 0.00319103
108 0.003091216
109 0.003715217
110 0.003176572
111 0.00314347
112 0.003336884
113 0.003291606
114 0.003343479
115 0.003270806
116 0.003251528
117 0.003324455
118 0.003363138
119 0.003399538
120 0.003579509
121 0.003530933
122 0.003541968
123 0.003608173
124 0.003578495
125 0.003604494
126 0.003560485
127 0.003755041
128 0.003535245
129 0.003632016
130 0.003891636
131 0.003844456
132 0.003806914
133 0.003769754
134 0.004032418
135 0.003827714
136 0.003926261
137 0.003978388
138 0.004102427
139 0.003926514
140 0.003929178
141 0.004146563
142 0.004274662
143 0.004310427
144 0.004534028
145 0.004532379
146 0.005077239
147 0.004520077
148 0.004308652
149 0.004428379
150 0.004494204
151 0.004744057
152 0.004775765
153 0.00461596
154 0.004496613
155 0.004641706
156 0.004730614
157 0.004765238
158 0.004835374
159 0.004808487
160 0.005107171
161 0.005090429
162 0.006208051
163 0.004892195
164 0.005521649
165 0.004969941
166 0.004862516
167 0.004866702
168 0.005137356
169 0.00642049
170 0.006135885
171 0.009296349
172 0.018514445
173 0.010884255
174 0.027895391
175 0.020977602
176 0.012754864
177 0.015229688
178 0.008967354
179 0.011596276
180 0.008425919
181 0.007213175
182 0.006467037
183 0.010710245
184 0.010704664
185 0.012040053
186 0.01127248
187 0.011147553
188 0.015611952
189 0.013740709
190 0.012862161
191 0.015578596
192 0.011986911
193 0.018115567
194 0.013642924
195 0.022013926
196 0.013909519
197 0.015812216
198 0.01213378
199 0.016339066
200 0.017227506
201 0.016330315
202 0.01303224
203 0.012110824
204 0.014399969
205 0.025241737
206 0.014341374
207 0.013358826
208 0.017301956
209 0.015455191
210 0.017219389
211 0.012618903
212 0.017937498
213 0.029333383
214 0.01238896
215 0.012864824
216 0.032233594
217 0.013154757
218 0.013160464
219 0.013175937
220 0.015302995
221 0.014229384
222 0.013175938
223 0.013612865
224 0.013764934
225 0.014059305
226 0.0140139
227 0.018443548
228 0.018609567
229 0.015805494
230 0.015034878
231 0.014155949
232 0.014658955
233 0.013191664
234 0.024955609
235 0.017846688
236 0.019811024
237 0.016538568
238 0.0216933
239 0.014746087
240 0.015021053
241 0.014743297
242 0.013611597
243 0.014290262
244 0.01540002
245 0.017344697
246 0.013464602
247 0.013688075
248 0.014821931
249 0.015435786
250 0.013305937
